[gd_scene load_steps=8 format=3 uid="uid://c5m0luwwp8t5s"]

[ext_resource type="PackedScene" uid="uid://f0pg6ag1yxi4" path="res://level/environment_module.tscn" id="1_onnxa"]
[ext_resource type="PackedScene" uid="uid://751buaa12h1i" path="res://art/object3D/ModuloPipeline.001.glb" id="2_4gex0"]
[ext_resource type="PackedScene" uid="uid://c53y8uwahfqk6" path="res://art/object3D/deco/Arbol.001(1).glb" id="3_4gex0"]
[ext_resource type="PackedScene" uid="uid://dkp62v6elo6wl" path="res://art/object3D/ProppsColicion/Caja.002.glb" id="3_286ds"]
[ext_resource type="PackedScene" uid="uid://dbnwttvf3aoxu" path="res://art/object3D/deco/Arbol.003.glb" id="4_s7qni"]

[sub_resource type="BoxShape3D" id="BoxShape3D_fw8sk"]
size = Vector3(2.5042, 7.88, 31.3527)

[sub_resource type="BoxShape3D" id="BoxShape3D_4gex0"]
size = Vector3(13, 2, 2)

[node name="EnvironmentModule" instance=ExtResource("1_onnxa")]

[node name="SliderArea3D" type="Area3D" parent="." index="1"]
collision_layer = 128
collision_mask = 128

[node name="CollisionShape3D" type="CollisionShape3D" parent="SliderArea3D" index="0"]
transform = Transform3D(1, 0, 0, 0, 1, 0, 0, 0, 1, -8.89644, 0, -13.0414)
shape = SubResource("BoxShape3D_fw8sk")
debug_color = Color(0.996594, 0, 0.183643, 0.42)

[node name="ModuloPipeline_001" parent="." index="2" instance=ExtResource("2_4gex0")]

[node name="Area3D" type="Area3D" parent="." index="3"]
transform = Transform3D(1, 0, 0, 0, 1, 0, 0, 0, 1, 0, 0, -13.752)

[node name="CollisionShape3D" type="CollisionShape3D" parent="Area3D" index="0"]
shape = SubResource("BoxShape3D_4gex0")

[node name="Caja_0022" parent="Area3D" index="1" instance=ExtResource("3_286ds")]
transform = Transform3D(-0.091154, 0, 0.995837, 0, 1, 0, -0.995837, 0, -0.091154, 0, 0, 0)

[node name="Arbol_001(1)" parent="." index="4" instance=ExtResource("3_4gex0")]
transform = Transform3D(-0.901266, 0, -0.433266, 0, 1, 0, 0.433266, 0, -0.901266, 20.7569, 0, -6.2838)

[node name="Arbol_001(1)2" parent="." index="5" instance=ExtResource("3_4gex0")]
transform = Transform3D(1, 0, 0, 0, 1, 0, 0, 0, 1, -59.6454, 7.62939e-06, -22.5248)

[node name="Arbol_001(1)3" parent="." index="6" instance=ExtResource("3_4gex0")]
transform = Transform3D(0.171293, 0, 0.98522, 0, 1, 0, -0.98522, 0, 0.171293, -38.5835, 7.62939e-06, -7.4383)

[node name="Arbol_0032" parent="." index="7" instance=ExtResource("4_s7qni")]
transform = Transform3D(0.819122, 0, 0.573619, 0, 1, 0, -0.573619, 0, 0.819122, -30.6352, 3.8147e-06, -23.5261)
